
SEARCHING MATCHES FOR MT0000202045.mp3
[ 0.  0.  0.  0.  0.  1.  1.  0.  3.  0. -1.  1.  1.  0.  2.  3.  0.  0.
  0.  0.  0.  4.  1.  0.  2.  0.  0.  0.  0.  0.  1.  0.  0.  0.  1.  4.
  0.  0.  0.  1.  2.  0.  3.  1.  1.  1.  0.  1.  0.  1.  1.  1.  0.  2.
  9.  3.  1.  0.  0.  0.  0.  1.  0.  0.  0.  6.  2.  1.  0.  2.  0.  0.
  0.  0.  0.  0.  0.  2.  0.  0.  1.  0.  8.  3.  0.  1.  0.  0.  0.  0.
  0.  0.  5.  0.  0.  0.  4.  3.  1.  0.  0.  3.  1.  0.  0.  0.  0.  2.
  1.  0.  5.  0.  2.  0.  0.  0.  0.  0.  0.  0.  1.  0.  0.  0.  0.  1.
  0.  0.  0.  0.  1.  0.  0.  1.  0.  0.  0.  2.  0.  1.  0.  0.  0.  0.
  0.  0.  0.  1.  1.  0.  0.  0.  1.  0.  4.  0.  0.  0.  0.  0.  2.  0.
  0.  1.  1.  0.  1.  1.  0.  0.  3.  3.  6.  1.  0.  0.  0.  0.  8.  6.
  0.  0.  0.  0.  0.  1.  0.  0.  0.  0.  0.  0.  1.  0.  0.  0.  1.  1.
  0.  0.  0.  0.  0.  0.  0.  1.  0.  0.  0.  0.  0.  0.  2.  1.  1.  0.
  0.  0.  1.  0.  0.  0.  0.  0.  4.  0.  2.  0.  1.  0.  0.  0.  0.  0.
  0.  0.  0.  0.  2.  0.  0.  0.  0.  4.  0.  0.  0.  0.  3.  1.  0.  0.
  0.  0.  0.  2.  0.  0.  0.  0.  1.  0.  0.  0.  0.  1.  0.  0.  2.  0.
  1.  0.  0.  0.  0.  0.  1.  0.  0.  1.  0.  1.  0.  1.  0.  1.  6.  1.
  8.  0.  0.  1.  0.  0.  0.  1.  0.  1.  0.  1.  0.  0.  0.  1.  0.  1.
  0.  4.  0.  0.  0.  0.  0.  1.  0.  0.  0.  0.  1.  0.  1.  0.  6.  0.
  0.  0.  0.  0.  1.  0.  0.  0.  1.  0.  0.  4.  1.  5.  1.  0.  1.  0.
  0.  0.  0.  1.  1.  4.  3.  0.  0.  0.  0.  1.  0.  4.  0.  3.  1.  0.
  2.  0.  3.  0.  1.  1.  0.  1.  1.  1.  0.  1.  0.  0.  0.  0.  0.  1.
  1.  0.  0.  0.  0.  0.  0.  1.  0.  0.  0.  0.  0.  0.  0.  0.  3.  1.
  0.  0.  1.  0.  0.  2.  0.  2.  0.  1.  0.  1.  1.  0.  5.  1.  2.  0.
  0.  1.  0.  0.  0.  1.  0.  0.  0.  0.  0.  7.  0.  0.  0.  0.  8.  0.
  0.  0.  0.  0.  1.  0.  5.  0.  0.  1.  0.  0.  2.  0.  0.  0.  0.  0.
  0.  1.  0.  0.  0.  0.  0.  1.  0.  0.  1.  0.  0.  0.  1.  0.  0.  0.
  0.  0.  0.  0.  1.  0.  0.  3.  0.  0.  0.  0.  0.  0.  0.  0.  0.  1.
  0.  2.  0.  0.  0.  1.  1.  0.  0.  0.  0.  0.  0.  1.  0.  1.  0.  0.
  0.  0.  0.  0.  0.  0.  0.  0.  0.  0.  5.  2.  0.  0.  0.  0.  0.  0.
  0.  0.  3.  0.  1.  3.  1.  0.  1.  0.  1.  0.  0.  0.  0.  1.  0.  0.
  1.  0.  0.  0.  0.  0.  1.  0.  2.  1.  0.  2.  0.  5.  2.  1.  0.  4.
  1.  2.  1.  1.  0.  1.  1.  0.  5.  0.  0.  1.  0.  0.  0.  5.  0.  0.
  0.  0.  1.  0.  2.  3.  0.  0.  1.  0.  0.  0.  0.  0.  0.  0.  0.  0.
  0.  0.  3.  0.  0.  1.  0.  1.  0.  3.  0.  3.  1.  1.  1.  3.  7.  0.
  6.  0.  1.  0.  0.  0.  0.  1.  0.  0.  0.  0.  1.  0.  2.  0.  1.  1.
  1.  0.  3.  0.  0.  0.  3.  4.  0.  0.  1.  0.  1.  0.  0.  2.  4.  1.
  0.  0. 11.  0.  4.  1.  0.  1.  0.  0.  2.  0.  0.  0.  0.  3.  1.  0.
  1.  2.  0.  0.  0.  5.  0.  0.  1.  0.  0.  0.  1.  2.  2.  1.  0.  1.
  0.  0.  0.  4.  0.  0.  0.  3.  0.  0. 11.  2.  2.  0.  2.  0.  0.  0.
  0.  0.  1.  0.  0.  0.  0.  1.  0.  0.  0.  0.  0.  1.  2.  0.  0.  0.
  0.  1.  1.  2.  0.  0.  0.  2.  0.  0.  1.  0.  0.  0.  0.  3.  1.  4.
  0.  0.  2.  3.  0.  0.  0.  0.  0.  1.  1.  0.  0.  0.  1.  0.  1.  0.
  1.  2.  0.  0.  0.  1.  0.  0.  0.  0.  3.  0.  0.  0.  3.  4.  3.  1.
  0.  0.  0.  0.  2.  0.  5.  0.  0.  2.  1.  0.  3.  0.  1.  1.  1.  0.
  1.  1.  1.  0.  0.  3.  0.  1.  2.  0.  1.  1.  0.  4.  3.  4.  4.  0.
  1.  0.  0.  0.  0.  0.  4.  1.  0.  2.  0.  7.  0.  0.  1.  3.  0.  0.
  4.  1.  4.  2.  0.  2.  1.  3.  3.  8.  1.  0.  0.  0.  0.  2.  0.  1.
  0.  0.  1.  1.  0.  0.  0.  0.  1.  0.  0.  0.  0.  2.  0.  4.  0.  2.
  0.  0.  4.  0.  0.  1.  1.  0.  3.  1.  0.  0.  3.  1.  4.  7.  4.  3.
  0.  1.  0.  6.  0.  0.  0.  0.  1.  3.  1.  0.  0.  0.  1.  1.  0.  0.]

TOP 20 FOR MT0000202045.mp3
['MT0014475915.mp3', 'MT0012862507.mp3', 'MT0000888329.mp3', 'MT0031898123.mp3', 'MT0007556029.mp3', 'MT0004867564.mp3', 'MT0003022328.mp3', 'MT0001494812.mp3', 'MT0034186620.mp3', 'MT0030369896.mp3', 'MT0011922905.mp3', 'MT0007453719.mp3', 'MT0034577404.mp3', 'MT0011938737.mp3', 'MT0005285696.mp3', 'MT0004850690.mp3', 'MT0003025046.mp3', 'MT0002846256.mp3', 'MT0001058887.mp3', 'MT0028374210.mp3']
----------------------------------------------------------------

SEARCHING MATCHES FOR MT0000379144.mp3
[ 2.  0.  0.  0.  3.  0.  0.  1.  0.  0.  0.  1.  1.  0.  0.  1.  0.  1.
  1.  2.  3.  0.  0.  0.  0.  0. -1.  0.  0.  1.  0.  0.  3.  0.  0.  1.
  1.  3.  0.  0.  0.  1.  0.  0.  0.  0.  0.  0.  4.  0.  0.  1.  3.  0.
  0.  0.  0.  1.  1.  0.  0.  0.  0.  2.  1.  1.  0.  0.  3.  0.  0.  0.
  1.  3.  0.  0.  0.  0.  1.  0.  0.  4.  1.  0.  1.  0.  1.  4.  1.  1.
  2.  0.  0.  0.  0.  2.  0.  0.  0.  0.  1.  0.  0.  0.  0.  0.  0.  0.
  3.  1.  0.  1.  0.  0.  1.  1.  0.  4.  4.  0.  0.  2.  2.  1.  0.  0.
  3.  0.  1.  0.  1.  0.  1.  1.  3.  1.  0.  0.  1.  1.  1.  0.  0.  1.
  0.  0.  0.  0.  0.  3.  0.  0.  0.  2.  1.  0.  1.  0.  0.  3.  0.  0.
  0.  4.  0.  0.  0.  0.  1.  0.  1.  0.  0.  0.  1.  0.  3.  0.  0.  0.
  1.  1.  0.  1.  2.  0.  4.  1.  0.  0.  0.  0.  0.  0.  1.  0.  0.  0.
  0.  1.  0.  0.  0.  1.  3.  1.  1.  1.  2.  2.  3.  0.  0.  0.  1.  1.
  1.  0.  0.  0.  1.  1.  0.  0.  0.  0.  0.  0.  0.  0.  1.  3.  4.  0.
  0.  1.  1.  0.  0.  0.  0.  0.  0.  0.  0.  0.  1.  0.  0.  0.  0.  4.
  0.  1.  3.  0.  4.  1.  0.  0.  0.  0.  1.  1.  0.  0.  0.  0.  1.  0.
  0.  2.  0.  0.  1.  2.  0.  0.  0.  0.  0.  0.  1.  0.  3.  1.  0.  0.
  0.  2.  1.  0.  1.  0.  0.  0.  3.  1.  1.  0.  0.  0.  0.  0.  0.  0.
  4.  0.  1.  4.  0.  3.  0.  1.  2.  1.  0.  4.  1.  1.  0.  1.  0.  0.
  0.  0.  0.  0.  0.  1.  1.  0.  0.  0.  0.  0.  0.  0.  0.  0.  0.  0.
  0.  0.  0.  0.  0.  0.  0.  0.  0.  1.  3.  1.  0.  0.  0.  1.  0.  1.
  0.  1.  1.  0.  0.  0.  0.  1.  1.  3.  0.  0.  0.  1.  0.  0.  1.  0.
  0.  0.  1.  0.  0.  0.  0.  1.  0.  0.  2.  0.  0.  3.  0.  0.  0.  0.
  1.  0.  0.  0.  1.  0.  1.  0.  0.  1.  3.  1.  0.  0.  0.  0.  0.  2.
  4.  0.  4.  1.  0.  0.  1.  0.  1.  0.  0.  0.  1.  2.  0.  2.  0.  2.
  2.  0.  4.  2.  0.  1.  0.  1.  0.  0.  0.  1.  1.  0.  2.  2.  2.  0.
  0.  0.  4.  0.  0.  0.  0.  1.  0.  0.  0.  1.  0.  0.  0.  1.  0.  0.
  1.  0.  0.  0.  0.  0.  0.  0.  4.  2.  0.  0.  1.  1.  3.  2.  1.  0.
  0.  1.  0.  1.  1.  0.  0.  0.  0.  1.  0.  2.  0.  0.  0.  0.  0.  3.
  1.  1.  0.  3.  2.  0.  1.  1.  1.  0.  0.  0.  0.  0.  0.  0.  1.  0.
  1.  0.  0.  1.  0.  0.  0.  0.  1.  0.  0.  0.  1.  1.  1.  0.  0.  0.
  0.  0.  1.  0.  0.  0.  0.  0.  0.  0.  1.  0.  3.  0.  0.  0.  3.  0.
  0.  0.  0.  0.  0.  0.  0.  5.  0.  4.  1.  0.  0.  3.  1.  0.  0.  1.
  0.  0.  0.  0.  0.  0.  4.  1.  0.  3.  0.  0.  0.  0.  0.  0.  1.  1.
  3.  0.  0.  0.  0.  0.  1.  0.  0.  0.  3.  0.  1.  0.  0.  0.  0.  0.
  0.  0.  1.  0.  0.  4.  1.  0.  1.  0.  0.  1.  0.  0.  0.  2.  0.  0.
  0.  0.  0.  4.  3.  0.  0.  0.  0.  0.  0.  1.  0.  1.  0.  0.  0.  0.
  0.  0.  0.  0.  0.  0.  0.  0.  1.  5.  0.  0.  4.  3.  3.  0.  0.  4.
  0.  0.  0.  0.  0.  1.  5.  0.  0.  1.  0.  0.  0.  0.  0.  1.  1.  0.
  0.  0.  0.  0.  2.  2.  1.  0.  0.  1.  0.  0.  0.  1.  1.  6.  1.  0.
  1.  1.  0.  1.  1.  3.  0.  0.  0.  0.  1.  1.  0.  1.  0.  1.  1.  0.
  1.  0.  0.  3.  3.  0.  1.  0.  2.  1.  0.  0.  0.  0.  0.  0.  0.  0.
  0.  0.  0.  0.  0.  0.  0.  0.  1.  0.  0.  0.  2.  2.  0.  3.  1.  0.
  0.  0.  0.  0.  3.  1.  0.  0.  1.  0.  0.  0.  0.  0.  0.  0.  0.  0.
  0.  0.  0.  0.  0.  0.  1.  0.  0.  0.  0.  0.  0.  0.  1.  0.  0.  1.
  0.  0.  1.  1.  0.  0.  0.  0.  0.  0.  1.  0.  4.  0.  0.  0.  0.  0.
  0.  0.  0.  3.  3.  0.  0.  0.  1.  0.  1.  0.  1.  1.  0.  0.  1.  1.
  0.  0.  0.  1.  3.  0.  0.  0.  0.  0.  0.  0.  6.  0.  0.  0.  0.  0.
  0.  0.  0.  1.  0.  0.  0.  3.  1.  1.  0.  0.  3.  0.  1.  0.  0.  0.
  0.  0.  0.  0.  0.  0.  0.  0.  0.  0.  0.  2.  0.  0.  1.  0.  0.  0.
  0.  0.  1.  0.  0.  0.  3.  1.  0.  0.  1.  0.  1.  0.  0.  0.  0.  1.]

TOP 20 FOR MT0000379144.mp3
['MT0031951901.mp3', 'MT0014584473.mp3', 'MT0013416300.mp3', 'MT0013080259.mp3', 'MT0011032905.mp3', 'MT0029877658.mp3', 'MT0013219857.mp3', 'MT0013161246.mp3', 'MT0012292188.mp3', 'MT0011969592.mp3', 'MT0011391187.mp3', 'MT0011066228.mp3', 'MT0008716237.mp3', 'MT0008170600.mp3', 'MT0007652281.mp3', 'MT0007349999.mp3', 'MT0007338724.mp3', 'MT0005253065.mp3', 'MT0005157391.mp3', 'MT0005115042.mp3']
----------------------------------------------------------------

SEARCHING MATCHES FOR MT0000414517.mp3
[ 1.  1.  0.  8.  0.  1.  1.  0.  0.  0.  0.  0.  0.  0.  0.  0.  1.  0.
  0.  1.  1.  0.  0.  2.  1.  1.  0.  2. -1.  1.  0.  2.  1.  1.  1.  0.
  1.  0.  2.  1.  1.  0.  0.  2.  2.  1.  0.  0.  2.  0.  0.  1.  1.  1.
  0.  0.  0.  1.  1.  0.  2.  1.  1.  1.  1.  0.  0.  2.  0.  1.  1.  1.
  1.  0.  1.  2.  0.  1.  1.  0.  1.  0.  0.  0.  1.  2.  1.  0.  1.  0.
  1.  2.  0.  1.  1.  0.  0.  0.  1.  1.  1.  0.  2.  3.  3.  2.  0.  1.
  0.  0.  0.  0.  0.  1.  1.  1.  1.  0.  0.  0.  0.  0.  1.  1.  0.  1.
  1.  1.  1.  3.  0.  3.  0.  1.  0.  0.  1.  0.  0.  0.  1.  2.  8.  0.
  1.  3.  1.  2.  1.  1.  1.  2.  0.  0.  1.  1.  0.  1.  2.  1.  1.  2.
  0.  0.  0.  1.  0.  0.  0.  2.  0.  0.  0.  1.  1.  1.  0.  0.  2.  0.
  0.  0.  1.  0.  0.  0.  0.  0.  0.  1.  2.  1.  1.  3.  1.  1.  1.  0.
  3.  1.  0.  0.  1.  0.  0.  1.  2.  1.  0.  1.  0.  0.  1.  0.  0.  1.
  1.  1.  2.  1.  0.  2.  0.  1.  0.  1.  0.  1.  0.  1.  1.  0.  0.  2.
  1.  0.  1.  8.  1.  1.  1.  0.  1.  1.  3.  1.  1.  1.  0.  2.  2.  2.
  3.  2.  0.  0.  0.  0.  0.  0.  2.  2.  0.  1.  1.  2.  2.  1.  0.  0.
  1.  1.  1.  3.  2.  1.  2.  1.  3.  0.  0.  0.  1.  1.  0.  1.  0.  0.
  0.  0.  1.  1.  1.  0.  1.  0.  2.  0.  1.  1.  1.  0.  0.  1.  3.  1.
  0.  0.  1.  2.  1.  0.  1.  0.  0.  1.  2.  0.  0.  0.  2.  1.  0.  1.
  1.  0.  1.  2.  0.  1.  1.  0.  0.  0.  0.  2.  1.  0.  0.  1.  0.  3.
  2.  0.  1.  1.  1.  0.  0.  0.  0.  0.  0.  1.  0.  0.  1.  0.  1.  0.
  0.  0.  0.  0.  3.  0.  2.  0.  0.  0.  1.  1.  1.  2.  1.  0.  1.  0.
  1.  2.  0.  1.  1.  1.  0.  0.  1.  1.  0.  0.  0.  0.  0.  0.  0.  0.
  1.  1.  1.  0.  0.  1.  2.  1.  1.  0.  0.  0.  1.  1.  0.  1.  0.  0.
  1.  1.  0.  0.  0.  2.  0.  0.  0.  2.  2.  2.  0.  0.  0.  0.  0.  0.
  0.  1.  0.  1.  0.  0.  1.  1.  0.  2.  4.  1.  0.  0.  1.  1.  1.  0.
  0.  1.  0.  0.  4.  1.  2.  1.  1.  0.  1.  1.  1.  1.  0.  0.  0.  1.
  0.  2.  1.  1.  1.  1.  3.  1.  0.  0.  0.  0.  1.  3.  1.  0.  3.  1.
  1.  0.  1.  0.  0.  1.  1.  3.  1.  2.  0.  1.  0.  1.  1.  0.  1.  0.
  1.  0.  0.  0.  0.  0.  1.  0.  0.  3.  0.  0.  0.  2.  2.  2.  0.  1.
  1.  0.  0.  1.  2.  1.  0.  2.  0.  2.  0.  0.  2.  0.  1.  1.  8.  8.
  0.  3.  0.  0.  1.  0.  0.  2.  1.  0.  0.  1.  1.  1.  1.  0.  0.  1.
  1.  4.  0.  3.  0.  0.  0.  0.  1.  0.  0.  1.  0.  0.  1.  1.  0.  0.
  0.  0.  2.  0.  1.  0.  0.  0.  0.  0.  0.  0.  2.  2.  1.  2.  1.  1.
  0.  0.  0.  2.  1.  1.  0.  0.  1.  1.  0.  0.  0.  1.  1.  0.  0.  3.
  0.  1.  1.  0.  1.  0.  0.  2.  1.  0.  0.  0.  0.  1.  0.  0.  0.  1.
  0.  2.  1.  0.  0.  8.  0.  0.  1.  3.  3.  0.  0.  1.  3.  0.  0.  3.
  2.  1.  0.  0.  0.  0.  0.  0.  1.  0.  0.  1.  0.  0.  1.  0.  1.  1.
  1.  0.  2.  1.  1.  0.  0.  0.  1.  2.  0.  2.  1.  0.  0.  0.  2.  0.
  0.  1.  2.  1.  1.  1.  0.  0.  0.  0.  0.  0.  2.  2.  0.  0.  2.  1.
  2.  0.  0.  0.  0.  0.  1.  0.  1.  1.  1.  0.  3.  0.  1.  1.  0.  2.
  0.  1.  1.  0.  1.  1.  1.  0.  0.  1.  1.  1.  1.  0.  0.  0.  0.  1.
  2.  0.  0.  0.  1.  1.  1.  1.  2.  1.  2.  2.  1.  2.  0.  1.  2.  1.
  2.  0.  1.  0.  0.  0.  0.  1.  2.  8.  0.  3.  0.  3.  0.  1.  1.  2.
  0.  0.  0.  2.  0.  1.  0.  2.  0.  1.  1.  0.  1.  2.  1.  0.  1.  0.
  0.  0.  0.  1.  1.  0.  0.  1.  0.  0.  0.  2.  1.  2.  0.  0.  0.  0.
  0.  0.  0.  0.  0.  0.  1.  2.  1.  0.  0.  0.  0.  0.  1.  0.  2.  1.
  0.  1.  0.  2.  1.  0.  0.  1.  0.  1.  3.  0.  0.  1.  2.  2.  1.  0.
  2.  1.  0.  2.  0.  0.  1.  0.  0.  0.  0.  0.  1.  0.  2.  0.  8.  1.
  2.  1.  0.  1.  2.  1.  0.  0.  0.  0.  1.  0.  0.  1.  0.  0.  0.  0.
  0.  2.  0.  1.  0.  0.  0.  1.  0.  0.  1.  0.  0.  0.  0.  0.  1.  0.]

TOP 20 FOR MT0000414517.mp3
['MT0033397838.mp3', 'MT0027048677.mp3', 'MT0012331779.mp3', 'MT0010489498.mp3', 'MT0010487769.mp3', 'MT0003949060.mp3', 'MT0002222957.mp3', 'MT0000040632.mp3', 'MT0010900969.mp3', 'MT0008222676.mp3', 'MT0007840454.mp3', 'MT0031922089.mp3', 'MT0027478016.mp3', 'MT0027159893.mp3', 'MT0015005100.mp3', 'MT0012798988.mp3', 'MT0012742379.mp3', 'MT0012601428.mp3', 'MT0012534566.mp3', 'MT0011930865.mp3']
----------------------------------------------------------------

SEARCHING MATCHES FOR MT0000956340.mp3
[ 0.  1.  3.  0.  0.  0.  0.  0.  1.  6.  0.  0.  1.  2.  0.  0.  0.  0.
  1.  0.  0.  0.  0.  0.  0.  4.  0.  0.  0.  2.  1.  0.  0.  1.  0.  0.
  0.  0.  0.  0.  0.  0.  0.  0.  0.  0.  3.  2.  0.  0.  0.  0.  0.  0.
  0.  1.  0.  0.  0. -1.  3.  0.  0.  0.  0.  0.  0.  0.  0.  0.  1.  0.
  0.  1.  0.  0.  3.  0.  0.  1.  0.  0.  0.  0.  0.  0.  0.  0.  0.  0.
  3.  0.  0.  0.  1.  2.  0.  0.  0.  0.  0.  0.  1.  0.  0.  0.  1.  0.
  0.  0.  0.  0.  0.  7.  0.  0.  7.  0.  0.  3.  0.  2.  0.  0.  3.  0.
  0.  1.  0.  0.  1.  0.  1.  0.  1.  1.  0.  0.  3.  0.  0.  0.  0.  3.
  0.  0.  1.  0.  6.  0.  1.  0.  3.  1.  0.  5.  0.  0.  0.  0.  0.  0.
  2.  2.  0.  0.  0.  0.  1.  0.  1.  0.  0.  0.  0.  1.  0.  3.  0.  0.
  0.  0.  0.  0.  0.  3.  0.  1.  2.  0.  0.  1.  0.  0.  0.  3.  0.  0.
  1.  0.  2.  3.  2.  0.  1.  0.  0.  0.  0.  0.  0.  1.  0.  1.  0.  0.
  0.  1.  0.  0.  2.  0.  3.  0.  0.  0.  0.  1.  4.  0.  0.  3.  0.  1.
  0.  0.  2.  0.  0.  1.  1.  2.  0.  0.  0.  1.  0.  5.  0.  0.  0.  0.
  0.  0.  0.  1.  0.  1.  9.  3.  0.  0.  0.  0.  1.  0.  7.  1.  1.  3.
  0.  0.  1.  0.  0.  0.  0.  1.  0.  0.  1.  4.  2.  0.  0.  0.  0.  3.
  0.  2.  0.  0.  0.  2.  1.  2.  0.  0.  0.  0.  1.  1.  5.  1.  0.  0.
  0.  0.  0.  0.  0.  1.  1.  1.  0.  0.  0.  0.  0.  0.  0.  0.  0.  0.
  1.  5.  0.  0.  2.  0.  0.  3.  0.  1.  2.  0.  2.  0.  1.  0.  0.  0.
  0.  1.  0.  0.  0.  0.  0.  6.  4.  0.  1.  0.  1.  0.  1.  0.  0.  0.
  0.  0.  0.  3.  0.  0.  0.  1.  0.  0.  1.  4.  3.  0.  1.  2.  0.  3.
  4.  1.  0.  1.  1.  0.  2.  0.  1.  3.  1.  1.  2.  1.  3.  3.  0.  0.
  0.  0.  0.  3.  0.  0.  0.  0.  0.  0.  0.  0.  0.  0.  0.  0.  0.  0.
  0.  0.  0.  0.  1.  4.  0.  1.  0.  0.  0.  0.  0.  0.  2.  0.  0.  0.
  0.  1.  0.  5.  2.  0.  0.  1.  2.  0.  0.  0.  1.  1.  0.  0.  0.  3.
  1.  0.  0.  1.  0.  0.  0.  0.  1.  3.  0.  0.  0.  1.  2.  1.  5.  1.
  5.  0.  1.  0.  0.  0.  0.  0.  0.  0.  1.  5.  0.  0.  0.  0.  0.  5.
  1.  0.  5.  0.  1.  0.  0.  0.  0.  0.  7.  0.  3.  0.  1.  2.  3.  0.
  0.  0.  1.  0.  0.  2.  0.  0.  0.  0.  0.  0.  1.  0.  0.  0.  6.  0.
  0.  2.  0.  0.  2.  0.  6.  0.  0.  0.  3.  2.  0.  0.  0.  0.  0.  0.
  3.  0.  2.  4.  0.  4.  0.  0.  0.  3.  1.  0.  2.  0.  0.  0.  1.  0.
  7.  0.  0.  0.  3.  0.  0.  0.  0.  0.  2.  0.  3.  0.  1.  0.  1.  0.
  3.  5.  0.  3.  0.  0.  0.  0.  3.  0.  1.  2.  0.  0.  0.  0.  0.  0.
  0.  2.  0.  0.  0.  0.  1.  0.  0.  0.  0.  0.  0.  0.  0.  0.  0.  0.
  0.  0.  0.  2.  3.  0.  5.  0.  0.  7.  4.  0.  0.  0.  0.  3.  1.  0.
  2.  0.  0.  0.  1.  0.  0.  0.  1.  0.  0.  0.  2.  1.  0.  0.  0.  0.
  0.  2.  0.  2.  0.  0.  7.  1.  0.  0.  0.  0.  0.  1.  0.  0.  0.  0.
  0.  0.  3.  0.  1.  0.  0.  2.  0.  0.  3.  0.  0.  0.  0.  4.  0.  1.
  1.  9.  0.  0.  0.  0.  0.  1.  2.  0.  0.  0.  0.  0.  0.  0.  0.  9.
  0.  0.  3.  4.  4.  0.  6.  2.  8.  3.  5.  2.  0.  0.  0.  0.  3.  6.
  1.  0.  0.  0.  0.  0.  0.  0.  1.  0.  0.  0.  6.  3. 10.  0.  0.  0.
  0.  3.  2.  0.  0.  0.  0.  0.  0.  0.  0.  0.  0.  6.  0.  0.  0.  1.
  0.  0.  0.  2.  0.  0.  1.  0.  0.  0.  0.  0.  3.  0.  0.  0.  0.  3.
  1.  1.  2.  0.  0.  1.  0.  0.  1.  0.  0.  3.  0.  0.  0.  2.  0.  0.
  0.  3.  0.  1.  0.  0.  7.  0.  0.  3.  1.  0.  0.  0.  0.  1.  0.  2.
  4.  2.  3.  1.  1.  2.  0.  0.  0.  0.  1.  0.  1.  1.  0.  0.  0.  0.
  0.  0.  0.  0.  0.  0.  0.  0.  0.  0.  0.  2.  0.  0.  0.  1.  0.  5.
  0.  0.  0.  0.  6.  2.  8.  0.  1.  0.  1.  1.  0.  0.  0.  0.  0.  0.
  0.  0.  0.  0.  0.  0.  0.  3.  0.  0.  0.  0.  0.  0.  0.  0.  0.  0.
  2.  0.  0.  0.  1.  5.  0.  0.  5.  0.  0.  2.  0.  3.  3.  1.  0.  3.]

TOP 20 FOR MT0000956340.mp3
['MT0016743722.mp3', 'MT0014615863.mp3', 'MT0013885218.mp3', 'MT0004293364.mp3', 'MT0033097471.mp3', 'MT0014845647.mp3', 'MT0029099688.mp3', 'MT0012914763.mp3', 'MT0012001409.mp3', 'MT0010897525.mp3', 'MT0009217411.mp3', 'MT0004459450.mp3', 'MT0001927746.mp3', 'MT0001891229.mp3', 'MT0032957418.mp3', 'MT0026520343.mp3', 'MT0015962332.mp3', 'MT0015541501.mp3', 'MT0014817509.mp3', 'MT0010310896.mp3']
----------------------------------------------------------------
